4532905083985589
4916139043518746
4716028892117035
4929244392095398
4485928645285774
4485923010420775
4916525301078631
4916829722736391
4532050846616682
4929802026119718
344097472344127
347765934889130
374441439170337
341583297930326
377498243775484
345101955948211
373642700736000
373068819604170
343892752603221
344367412376855
344097472344127
347765934889130
374441439170337
341583297930326
377498243775484
345101955948211
373642700736000
373068819604170
343892752603221
344367412376855
3466422991449490
5194291365022780
1591847013515412
1388479679396188
9798900818196814
2238137718555708
3225122809813359
4495687560661808
9629437920588138
0734024498709717